5 0
1 1
0 5
-1 1
-5 0
-1 -1
0 -5
1 -1
20
0 0 1 0
0 -54 0

5 0
1 1
0 5
-1 1
-5 0
-1 -1
0 -5
1 -1
18
0.5236 0 1 0
0 -45 0

5 0
1 1
0 5
-1 1
-5 0
-1 -1
0 -5
1 -1
16
1.0472 0 1 0
0 -36 0

5 0
1 1
0 5
-1 1
-5 0
-1 -1
0 -5
1 -1
14
1.5708 0 1 0
0 -27 0

5 0
1 1
0 5
-1 1
-5 0
-1 -1
0 -5
1 -1
12
2.0944 0 1 0
0 -18 0

5 0
1 1
0 5
-1 1
-5 0
-1 -1
0 -5
1 -1
10
2.6180 0 1 0
0 -9 0

5 0
1 1
0 5
-1 1
-5 0
-1 -1
0 -5
1 -1
8
3.1415 0 1 0
0 0 0

5 0
1 1
0 5
-1 1
-5 0
-1 -1
0 -5
1 -1
6
3.6652 0 1 0
0 9 0

5 0
1 1
0 5
-1 1
-5 0
-1 -1
0 -5
1 -1
4
4.1888 0 1 0
0 18 0

5 0
1 1
0 5
-1 1
-5 0
-1 -1
0 -5
1 -1
2
4.7124 0 1 0
0 27 0

5 0
1 1
0 5
-1 1
-5 0
-1 -1
0 -5
1 -1
0.3
5.2360 0 1 0
0 36 0

5 0
1 1
0 5
-1 1
-5 0
-1 -1
0 -5
1 -1
0.01
5.7596 0 1 0
0 38 0

5 0
1 1
0 5
-1 1
-5 0
-1 -1
0 -5
1 -1
0
0 0 1 0
0 37 0

