2 0
1.732 1
1 1.732
0 2
-1 1.732
-1.732 1
-2 0
-1.732 -1
-1 -1.732
0 -2
1 -1.732
1.732 -1
0.1
1.5708 0.7 0 0.7
-9 -15 9

2 0
1.732 1
1 1.732
0 2
-1 1.732
-1.732 1
-2 0
-1.732 -1
-1 -1.732
0 -2
1 -1.732
1.732 -1
0.1
1.5708 0.7 0 0.7
-9 -15 9

2 0
1.732 1
1 1.732
0 2
-1 1.732
-1.732 1
-2 0
-1.732 -1
-1 -1.732
0 -2
1 -1.732
1.732 -1
1
1.5708 0.7 0 0.7
-9 -15 9

2 0
1.732 1
1 1.732
0 2
-1 1.732
-1.732 1
-2 0
-1.732 -1
-1 -1.732
0 -2
1 -1.732
1.732 -1
2
1.5708 0.7 0 0.7
-10 -15 10

3 0
2 1
1 2
0 3
-1 2
-2 1
-3 0
-2 -1
-1 -2
0 -3
1 -2
2 -1
4
0 0 1 0
0 -13 0

5 2
0.5 0.5
2 5
-2 5
-0.5 0.5
-5 2
-5 -2
-0.5 -0.5
-2 -5
2 -5
0.5 -0.5
5 -2
8
0 0 1 0
0 -5 0

5 2
0.5 0.5
2 5
-2 5
-0.5 0.5
-5 2
-5 -2
-0.5 -0.5
-2 -5
2 -5
0.5 -0.5
5 -2
10
0 0 1 0
0 0 0

5 2
0.5 0.5
2 5
-2 5
-0.5 0.5
-5 2
-5 -2
-0.5 -0.5
-2 -5
2 -5
0.5 -0.5
5 -2
7
0 0 1 0
0 5 0

3 0
2 1
1 2
0 3
-1 2
-2 1
-3 0
-2 -1
-1 -2
0 -3
1 -2
2 -1
5
0 0 1 0
0 10 0

0.3 0
0.2 0.1
0.1 0.2
0.0 0.3
-0.1 0.2
-0.2 0.1
-0.3 0.0
-0.2 -0.1
-0.1 -0.2
0.0 -0.3
0.1 -0.2
0.2 -0.1
0.1
0 0 1 0
0 11 0

0.3 0
0.2 0.1
0.1 0.2
0.0 0.3
-0.1 0.2
-0.2 0.1
-0.3 0.0
-0.2 -0.1
-0.1 -0.2
0.0 -0.3
0.1 -0.2
0.2 -0.1
0.1
0 0 1 0
0 12 0


